1	[27]	100	[0]	150	[4]	30
50	[27]	90	[0]	130	[4]	30
100	[27]	80	[0]	30	[4]	30
150	[27]	70	[0]	70	[4]	60
170	[0]	60	[11]	70	[4]	60
200	[9]	70	[0]	70	[4]	30
250	[0]	80	[0]	70	[4]	50
300	[27]	70	[0]	70	[4]	50
350	[27]	60	[0]	70	[4]	50
400	[27]	50	[0]	70	[4]	80
460	[0]	50	[11]	30	[5]	20
500	[0]	100	[0]	30	[5]	50
550	[0]	75	[0]	70	[5]	40
600	[9]	70	[0]	70	[5]	60
650	[9]	40	[0]	70	[5]	60
700	[9]	50	[0]	70	[5]	60
750	[0]	30	[0]	70	[5]	100
800	[11]	70	[0]	70	[5]	70
850	[0]	40	[0]	70	[5]	100
900	[9]	50	[0]	70	[5]	20
950	[9]	50	[0]	70	[5]	60
1000	[9]	40	[0]	70	[5]	100
1050	[0]	80	[11]	50	[5]	20
1100	[0]	60	[11]	70	[4]	70
1150	[0]	60	[0]	70	[4]	70
1200	[11]	50	[0]	70	[4]	70
1250	[11]	70	[0]	70	[4]	50
1300	[11]	50	[0]	70	[4]	30
1350	[0]	100	[0]	70	[4]	70
1400	[10]	70	[0]	30	[4]	70
1450	[0]	100	[0]	70	[4]	30
1500	[11]	100	[0]	70	[4]	70
1550	[11]	50	[0]	70	[5]	70
1600	[11]	30	[0]	70	[4]	70
1650	[0]	100	[0]	70	[5]	20
1700	[10]	100	[0]	70	[4]	70
1750	[10]	80	[0]	70	[5]	100
1800	[10]	60	[0]	70	[4]	70
1850	[10]	50	[0]	70	[5]	100
1900	[0]	100	[0]	70	[4]	70
1950	[28]	70	[0]	70	[4]	70
2000	[0]	100	[0]	70	[4]	10
2050	[0]	100	[0]	70	[4]	70
2100	[0]	90	[0]	70	[5]	70
2150	[10]	60	[0]	70	[5]	70
2200	[10]	50	[0]	70	[5]	70
2250	[0]	100	[12]	70	[5]	20
2300	[0]	100	[12]	70	[4]	70
2350	[0]	100	[12]	70	[5]	60
2400	[28]	80	[0]	70	[5]	70
2450	[28]	50	[0]	70	[5]	60
2500	[28]	100	[0]	70	[5]	20
2550	[0]	60	[0]	70	[5]	70
2600	[15]	100	[0]	70	[5]	100
2650	[0]	70	[0]	70	[5]	100
2700	[28]	60	[0]	70	[5]	70
2750	[28]	40	[0]	70	[5]	50
2800	[28]	100	[0]	70	[5]	20
2850	[0]	80	[13]	70	[5]	70
2900	[0]	60	[13]	70	[5]	40
2950	[0]	40	[13]	70	[6]	70
3000	[15]	100	[0]	70	[5]	70
3050	[15]	100	[0]	30	[5]	100
3100	[15]	100	[0]	30	[5]	30
3150	[0]	50	[13]	70	[6]	10
3200	[23]	100	[0]	70	[6]	70
3250	[0]	70	[0]	70	[5]	70
3300	[15]	60	[0]	70	[5]	100
3350	[15]	40	[0]	70	[5]	70
3400	[15]	100	[0]	70	[5]	10
3450	[0]	100	[0]	70	[5]	10
3500	[23]	100	[0]	70	[5]	40
3550	[23]	90	[0]	70	[6]	100
3600	[23]	80	[0]	70	[5]	70
3650	[23]	60	[0]	70	[5]	20
3700	[0]	100	[0]	70	[6]	70
3750	[21]	70	[0]	70	[6]	40
3800	[0]	50	[0]	70	[6]	70
3850	[23]	30	[0]	70	[6]	10
3900	[23]	100	[0]	70	[6]	100
3950	[23]	50	[0]	70	[6]	70
4000	[23]	100	[14]	70	[6]	70
4050	[0]	90	[14]	70	[6]	30
4100	[0]	80	[0]	70	[6]	100
4150	[0]	70	[14]	70	[6]	70
4200	[21]	50	[0]	70	[6]	60
4250	[21]	100	[0]	70	[6]	70
4300	[21]	90	[0]	70	[6]	40
4350	[21]	80	[0]	70	[6]	100
4400	[0]	70	[0]	70	[6]	70
4450	[24]	90	[0]	70	[6]	40
4500	[0]	80	[0]	70	[6]	100
4550	[21]	100	[0]	30	[6]	20
4600	[21]	70	[0]	70	[6]	70
4650	[21]	100	[0]	70	[6]	40
4700	[21]	90	[0]	70	[6]	70
4750	[0]	80	[0]	70	[6]	80
4800	[13]	70	[0]	70	[6]	100
4850	[0]	100	[0]	70	[6]	30
4900	[24]	60	[0]	30	[6]	50
4950	[24]	60	[0]	70	[6]	70
5000	[24]	60	[0]	70	[6]	100
5050	[24]	60	[0]	70	[6]	100
5100	[0]	100	[15]	70	[6]	100
5150	[0]	90	[15]	70	[6]	70
5200	[0]	80	[15]	70	[6]	10
5250	[0]	70	[15]	70	[6]	70
5300	[24]	80	[0]	70	[6]	60
5350	[24]	100	[0]	70	[6]	30
5400	[24]	100	[0]	70	[7]	70
5450	[24]	60	[0]	70	[7]	70
5500	[0]	100	[0]	70	[6]	30
5550	[13]	100	[0]	50	[7]	100
5600	[13]	70	[0]	70	[7]	80
5650	[13]	50	[0]	70	[7]	70
5700	[13]	40	[0]	70	[7]	70
5750	[0]	100	[0]	70	[7]	30
5800	[13]	100	[0]	70	[7]	70
5850	[13]	60	[0]	70	[7]	70
5900	[13]	50	[0]	70	[7]	70
5950	[0]	100	[0]	70	[7]	1000
6000	[0]	100	[0]	70	[7]	1000