1	[1]	100	[1]	70	[1]	40
50	[1]	90	[1]	70	[1]	20
100	[1]	80	[0]	70	[1]	20
150	[1]	70	[1]	70	[1]	30
170	[0]	60	[1]	70	[1]	30
200	[2]	70	[0]	70	[1]	30
250	[0]	80	[0]	70	[1]	50
300	[1]	70	[0]	70	[1]	50
400	[1]	50	[0]	70	[1]	30
460	[0]	50	[1]	70	[1]	20
500	[0]	100	[1]	70	[1]	10
550	[0]	75	[0]	70	[1]	20
600	[2]	70	[0]	70	[1]	40
650	[2]	50	[0]	70	[1]	40
700	[0]	30	[0]	70	[1]	20
750	[3]	70	[0]	70	[1]	30
800	[0]	40	[0]	70	[1]	20
850	[2]	50	[0]	70	[1]	20
900	[2]	50	[0]	70	[1]	60
950	[2]	80	[1]	70	[1]	20
1000	[0]	60	[0]	70	[2]	80
1050	[3]	60	[0]	70	[2]	80
1100	[3]	70	[0]	70	[2]	80
1150	[3]	50	[0]	70	[2]	80
1200	[0]	100	[0]	70	[2]	70
1250	[4]	70	[0]	70	[2]	80
1300	[0]	100	[0]	70	[2]	30
1350	[3]	100	[0]	70	[1]	70
1400	[3]	30	[0]	70	[1]	70
1450	[0]	100	[0]	70	[2]	20
1500	[4]	100	[0]	70	[1]	70
1550	[4]	60	[0]	70	[1]	70
1600	[4]	50	[0]	70	[2]	70
1650	[0]	100	[0]	70	[1]	70
1700	[5]	70	[2]	70	[1]	70
1750	[0]	100	[2]	70	[1]	10
1800	[0]	100	[2]	70	[1]	70
1850	[4]	90	[0]	70	[2]	70
1900	[4]	50	[0]	70	[2]	70
1950	[4]	100	[0]	70	[2]	20
2000	[0]	100	[0]	70	[1]	70
2050	[5]	100	[0]	70	[2]	60
2100	[5]	50	[0]	70	[2]	60
2150	[5]	100	[0]	70	[2]	20
2200	[0]	60	[0]	70	[2]	20
2250	[6]	100	[0]	70	[2]	70
2300	[0]	70	[0]	70	[2]	10
2350	[5]	60	[0]	70	[2]	70
2400	[5]	40	[0]	70	[2]	50
2450	[5]	100	[0]	70	[2]	70
2500	[0]	80	[3]	70	[2]	20
2550	[0]	60	[3]	70	[2]	20
2600	[0]	40	[3]	70	[4]	70
2650	[6]	100	[0]	70	[2]	40
2700	[6]	100	[0]	70	[2]	30
2750	[0]	50	[0]	70	[4]	70
2800	[7]	100	[0]	70	[4]	10
2850	[0]	70	[0]	70	[2]	20
2900	[6]	60	[0]	70	[2]	70
2950	[6]	100	[0]	70	[2]	30
3000	[0]	100	[0]	70	[2]	30
3050	[7]	100	[0]	70	[2]	40
3100	[7]	80	[0]	70	[2]	70
3150	[7]	60	[0]	70	[2]	20
3200	[0]	100	[0]	70	[4]	70
3250	[8]	70	[0]	70	[4]	70
3300	[0]	50	[0]	70	[4]	10
3350	[7]	30	[0]	70	[4]	70
3400	[7]	100	[0]	70	[4]	70
3450	[7]	100	[0]	70	[4]	70
3500	[0]	90	[4]	70	[4]	30
3550	[0]	80	[4]	70	[4]	10
3600	[0]	70	[4]	70	[4]	30
3650	[8]	50	[0]	70	[4]	80
3700	[8]	100	[0]	70	[4]	30
3750	[8]	80	[0]	70	[4]	70
3800	[0]	70	[0]	70	[4]	30
3850	[9]	90	[0]	70	[4]	40
3900	[0]	80	[0]	70	[4]	30
3950	[8]	100	[0]	70	[5]	20
4000	[8]	70	[0]	70	[4]	70
4050	[8]	90	[0]	70	[4]	70
4100	[0]	80	[0]	70	[4]	80
4150	[10]	70	[0]	70	[4]	70
4200	[0]	100	[0]	70	[5]	30
4250	[9]	60	[0]	70	[5]	70
4300	[9]	60	[0]	70	[5]	70
4350	[9]	60	[0]	70	[4]	70
4400	[0]	100	[5]	70	[4]	10
4450	[0]	80	[5]	70	[5]	70
4500	[0]	70	[5]	70	[5]	70
4550	[9]	80	[0]	70	[4]	80
4600	[9]	100	[0]	70	[4]	30
4650	[9]	60	[0]	70	[5]	70
4700	[0]	100	[0]	70	[4]	30
4750	[10]	100	[0]	70	[5]	70
4800	[10]	70	[0]	70	[5]	70
4850	[10]	70	[0]	70	[5]	70
4900	[0]	100	[0]	70	[5]	10
4930	[0]	100	[0]	70	[5]	10
4950	[0]	100	[0]	70	[5]	1000
5000	[0]	100	[0]	70	[5]	1000