1	[7]	100	[0]	150	[2]	50
50	[7]	90	[0]	130	[2]	50
100	[7]	80	[0]	30	[2]	50
150	[7]	70	[6]	70	[2]	50
170	[0]	60	[6]	70	[2]	50
200	[16]	70	[0]	70	[2]	20
250	[0]	80	[0]	70	[2]	50
300	[7]	70	[6]	70	[2]	50
350	[7]	60	[0]	70	[2]	50
400	[7]	50	[0]	70	[2]	20
460	[0]	50	[0]	30	[4]	20
500	[0]	100	[0]	30	[4]	50
550	[0]	75	[0]	70	[4]	40
600	[16]	70	[0]	70	[4]	60
650	[16]	40	[0]	70	[4]	60
700	[16]	50	[0]	70	[4]	60
750	[0]	30	[0]	70	[4]	60
800	[4]	70	[0]	70	[4]	60
850	[0]	40	[0]	70	[4]	60
900	[16]	50	[0]	70	[4]	60
950	[16]	50	[0]	70	[4]	60
1000	[16]	40	[0]	70	[4]	60
1050	[0]	80	[6]	50	[4]	20
1100	[0]	60	[6]	70	[2]	70
1150	[0]	60	[6]	70	[2]	70
1200	[4]	50	[0]	70	[2]	70
1250	[4]	70	[0]	70	[2]	50
1300	[4]	50	[0]	70	[2]	30
1350	[0]	100	[0]	70	[2]	30
1400	[26]	70	[0]	30	[2]	30
1450	[0]	100	[0]	70	[2]	30
1500	[4]	100	[0]	70	[2]	70
1550	[4]	50	[0]	70	[4]	70
1600	[4]	30	[0]	70	[4]	70
1650	[0]	100	[0]	70	[4]	20
1700	[26]	100	[0]	70	[4]	70
1750	[26]	80	[0]	70	[4]	70
1800	[26]	60	[0]	70	[4]	70
1850	[26]	50	[0]	70	[4]	70
1900	[0]	100	[0]	70	[4]	70
1950	[17]	70	[0]	70	[4]	70
2000	[0]	100	[7]	70	[4]	10
2050	[0]	100	[7]	70	[4]	70
2100	[0]	90	[7]	70	[4]	70
2150	[26]	60	[0]	70	[4]	70
2200	[26]	50	[0]	70	[4]	70
2250	[26]	100	[0]	70	[4]	20
2300	[0]	100	[0]	70	[4]	70
2350	[17]	100	[0]	70	[4]	60
2400	[17]	80	[0]	70	[4]	70
2450	[17]	50	[0]	70	[4]	60
2500	[17]	100	[0]	70	[4]	20
2550	[0]	60	[0]	70	[4]	70
2600	[29]	100	[0]	70	[4]	70
2650	[0]	70	[0]	70	[4]	70
2700	[17]	60	[0]	70	[4]	70
2750	[17]	40	[0]	70	[4]	50
2800	[17]	100	[0]	70	[4]	70
2850	[0]	80	[8]	70	[4]	70
2900	[0]	60	[8]	70	[4]	20
2950	[0]	40	[8]	70	[5]	70
3000	[29]	100	[0]	70	[5]	40
3050	[29]	100	[0]	30	[5]	100
3100	[29]	100	[0]	30	[5]	30
3150	[0]	50	[0]	70	[5]	70
3200	[20]	100	[0]	70	[5]	10
3250	[0]	70	[8]	70	[4]	70
3300	[29]	60	[0]	70	[4]	100
3350	[29]	40	[0]	70	[4]	70
3400	[29]	100	[0]	70	[4]	10
3450	[0]	100	[0]	70	[4]	10
3500	[20]	100	[0]	70	[4]	40
3550	[20]	90	[0]	70	[5]	100
3600	[20]	80	[0]	70	[4]	70
3650	[20]	60	[0]	70	[4]	20
3700	[0]	100	[0]	70	[5]	70
3750	[1]	70	[0]	70	[5]	40
3800	[0]	50	[0]	70	[5]	70
3850	[20]	30	[0]	70	[5]	100
3900	[20]	100	[0]	70	[5]	100
3950	[20]	50	[0]	70	[5]	70
4000	[20]	100	[0]	70	[5]	70
4050	[0]	90	[9]	70	[5]	70
4100	[0]	80	[9]	70	[5]	10
4150	[0]	70	[9]	70	[5]	70
4200	[1]	50	[9]	70	[5]	60
4250	[1]	100	[0]	70	[5]	30
4300	[1]	90	[0]	70	[5]	40
4350	[1]	80	[0]	70	[5]	100
4400	[0]	70	[0]	70	[5]	70
4450	[12]	90	[0]	70	[5]	40
4500	[0]	80	[0]	70	[5]	100
4550	[1]	100	[0]	30	[5]	20
4600	[1]	70	[0]	70	[5]	70
4650	[1]	100	[0]	70	[5]	40
4700	[1]	90	[0]	70	[5]	70
4750	[0]	80	[0]	70	[5]	80
4800	[14]	70	[0]	70	[5]	100
4850	[0]	100	[0]	70	[5]	30
4900	[12]	60	[0]	30	[5]	50
4950	[12]	60	[0]	70	[5]	70
5000	[12]	60	[0]	70	[5]	100
5050	[12]	60	[0]	70	[5]	100
5100	[0]	100	[0]	70	[5]	70
5150	[0]	90	[0]	70	[5]	70
5200	[0]	80	[10]	70	[5]	100
5250	[0]	70	[10]	70	[5]	10
5300	[12]	80	[0]	70	[5]	60
5350	[12]	100	[0]	70	[5]	30
5400	[12]	100	[0]	70	[6]	70
5450	[12]	60	[0]	70	[6]	70
5500	[0]	100	[10]	70	[5]	30
5550	[14]	100	[10]	50	[6]	100
5600	[14]	70	[10]	70	[6]	80
5650	[14]	50	[0]	70	[6]	70
5700	[14]	40	[0]	70	[6]	70
5750	[0]	100	[0]	70	[6]	30
5800	[14]	100	[0]	70	[6]	70
5850	[14]	60	[0]	70	[6]	70
5900	[14]	50	[0]	70	[6]	70
5950	[0]	100	[0]	70	[6]	1000
6000	[0]	100	[0]	70	[6]	1000